image: level1.pgm
resolution: 0.050000
origin: [-50.450000, -51.450000, 0.0]
negate: 0
occupied_thresh: 0.65
free_thresh: 0.196
